Number of iterations: 20 
n-items | capacity | objetive value | max profit | min profit | average profit | max capacity | min capacity | average capacity | exact solutions | NON exact solutions | success rate |   max time   |   min time   |   average time
10        11         22               32           32           32.0           11             11              11.0               0                 20                    0.0%           0.02           0.0            0.008338201045
10        91         348              360          360          360.0          83             83              83.0               0                 20                    0.0%           0.11           0.04684495925900.056519985198
5         11         14               19           19           19.0           11             11              11.0               0                 20                    0.0%           0.02           0.0            0.000781297683
5         101        64               64           64           64.0           100            100             100.0              20                0                     100.0%         0.02           0.0            0.001562678813
5         21         24               31           31           31.0           19             19              19.0               0                 20                    0.0%           0.02           0.0            0.004684734344
5         91         285              285          285          285.0          89             89              89.0               20                0                     100.0%         0.02           0.0            0.007031893730
10        11         13               13           13           13.0           11             11              11.0               20                0                     100.0%         0.02           0.0            0.009321630001
10        101        105              108          108          108.0          98             98              98.0               0                 20                    0.0%           0.06           0.04686450958250.051562058925
10        21         22               24           24           24.0           21             21              21.0               0                 20                    0.0%           0.02           0.0            0.013283944129
10        91         104              113          113          113.0          90             90              90.0               0                 20                    0.0%           0.13           0.04245233535760.057098102569
5         11         10               12           12           12.0           11             11              11.0               0                 20                    0.0%           0.00           0.0            0.000550103187
5         101        94               102          102          102.0          90             90              90.0               0                 20                    0.0%           0.02           0.0            0.005086576938
5         21         18               24           24           24.0           21             21              21.0               0                 20                    0.0%           0.02           0.0            0.002647984027
5         91         104              104          104          104.0          91             91              91.0               20                0                     100.0%         0.02           0.0            0.002443313598
10        11         41               51           51           51.0           11             11              11.0               0                 20                    0.0%           0.02           0.0            0.003476119041
10        101        130              131          131          131.0          101            101             101.0              0                 20                    0.0%           0.06           0.04685163497920.053026819229
10        21         50               60           60           60.0           20             20              20.0               0                 20                    0.0%           0.02           0.0            0.008539450168
10        91         131              131          131          131.0          91             91              91.0               20                0                     100.0%         0.06           0.04684805870050.051483440399
5         11         29               41           41           41.0           11             11              11.0               0                 20                    0.0%           0.02           0.0            0.001081323623
5         101        130              130          130          130.0          100            100             100.0              20                0                     100.0%         0.02           0.0            0.003374314308
5         21         50               51           51           51.0           21             21              21.0               0                 20                    0.0%           0.02           0.0            0.001179945468
5         91         78               111          111          111.0          81             81              81.0               0                 20                    0.0%           0.02           0.0            0.002492403984
10        90         148              160          160          160.0          89             89              89.0               0                 20                    0.0%           0.06           0.04686164855950.051646125316
5         8          12               10           10           10.0           6              6               6.0                0                 20                    0.0%           0.02           0.0            0.001281261444
5         28         22               27           27           27.0           24             24              24.0               0                 20                    0.0%           0.02           0.0            0.001664757728
5         16         10               26           26           26.0           14             14              14.0               0                 20                    0.0%           0.02           0.0            0.001811981201
5         74         148              148          148          148.0          74             74              74.0               20                0                     100.0%         0.02           0.0            0.004005396366
10        10         11               11           11           11.0           10             10              10.0               20                0                     100.0%         0.02           0.0            0.005549061298
10        100        101              109          109          109.0          100            100             100.0              0                 20                    0.0%           0.07           0.04307055473320.051910734176
10        20         21               21           21           21.0           20             20              20.0               0                 20                    0.0%           0.02           0.0            0.012076759338
10        90         80               94           94           94.0           90             90              90.0               0                 20                    0.0%           0.06           0.04686379432670.053971469402
5         8          9                7            7            7.0            8              8               8.0                0                 20                    0.0%           0.02           0.0            0.003125166893
5         28         26               26           26           26.0           27             27              27.0               20                0                     100.0%         0.02           0.0            0.002344465255
5         16         18               18           18           18.0           16             16              16.0               20                0                     100.0%         0.02           0.0            0.001562643051
5         74         80               80           80           80.0           74             74              74.0               20                0                     100.0%         0.02           0.0            0.001562297344
10        28         48               58           58           58.0           28             28              28.0               0                 20                    0.0%           0.02           0.0            0.007031214237
10        88         92               110          110          110.0          83             83              83.0               0                 20                    0.0%           0.08           0.04686665534970.055562007427
5         10         12               12           12           12.0           10             10              10.0               0                 20                    0.0%           0.00           0.0            0.002250564098
5         27         46               46           46           46.0           26             26              26.0               20                0                     100.0%         0.02           0.0            0.000981366634
5         16         18               20           20           20.0           16             16              16.0               0                 20                    0.0%           0.02           0.0            0.000879919528
5         74         65               83           83           83.0           74             74              74.0               0                 20                    0.0%           0.02           0.0            0.004836523532
6         10         12               12           12           12.0           10             10              10.0               0                 20                    0.0%           0.02           0.0            0.000881147384
6         16         18               20           20           20.0           16             16              16.0               0                 20                    0.0%           0.02           0.0            0.002442026138
10        82         132              128          128          128.0          79             79              79.0               0                 20                    0.0%           0.06           0.04684567451470.050780475139
5         7          23               19           19           19.0           7              7               7.0                0                 20                    0.0%           0.02           0.0            0.003226244449
5         86         58               70           70           70.0           86             86              86.0               0                 20                    0.0%           0.02           0.0            0.003125703334
5         17         43               43           43           43.0           16             16              16.0               20                0                     100.0%         0.02           0.0            0.001663041114
5         76         103              80           80           80.0           76             76              76.0               0                 20                    0.0%           0.02           0.0            0.003905856609
10        8          11               11           11           11.0           8              8               8.0                20                0                     100.0%         0.02           0.0            0.008593046665
10        86         87               87           87           87.0           86             86              86.0               20                0                     100.0%         0.08           0.04687142372130.054525101184
10        18         25               25           25           25.0           18             18              18.0               0                 20                    0.0%           0.02           0.0            0.009026885032
10        82         89               89           89           89.0           81             81              81.0               20                0                     100.0%         0.07           0.04104709625240.052623772621
5         7          8                8            8            8.0            7              7               7.0                0                 20                    0.0%           0.02           0.0            0.003428363800
5         86         69               83           83           83.0           86             86              86.0               0                 20                    0.0%           0.02           0.0            0.003124272823
5         17         20               20           20           20.0           16             16              16.0               20                0                     100.0%         0.02           0.0            0.003225123882
5         76         50               71           71           71.0           76             76              76.0               0                 20                    0.0%           0.02           0.0            0.001562488079
10        10         13               13           13           13.0           10             10              10.0               20                0                     100.0%         0.02           0.0            0.005125463008
10        86         133              133          133          133.0          83             83              83.0               20                0                     100.0%         0.06           0.04684710502620.049998164176
10        19         27               27           27           27.0           19             19              19.0               20                0                     100.0%         0.02           0.0            0.012501800060
10        80         121              121          121          121.0          76             76              76.0               20                0                     100.0%         0.06           0.04684257507320.049719548225
5         9          9                10           10           10.0           9              9               9.0                0                 20                    0.0%           0.02           0.0            0.002484774589
5         63         89               89           89           89.0           59             59              59.0               20                0                     100.0%         0.02           0.0            0.002002954483
5         19         22               22           22           22.0           16             16              16.0               20                0                     100.0%         0.02           0.0            0.001384723186
5         53         87               87           87           87.0           51             51              51.0               20                0                     100.0%         0.02           0.0            0.004341459274
