Number of iterations: 10 
n-items | capacity | objetive value | max profit | min profit | average profit | max capacity | min capacity | average capacity | exact solutions | NON exact solutions | success rate |   max time   |   min time   |   average time
10        11         22               32           32           32.0           11             11              11.0               0                 10                    0.0%           0.01           0.00599408149710.007801175117
10        91         348              360          360          360.0          83             83              83.0               0                 10                    0.0%           0.08           0.05499172210690.060307383537
5         11         14               19           19           19.0           11             11              11.0               0                 10                    0.0%           0.00           0.00099825859060.001698136329
5         101        64               64           64           64.0           100            100             100.0              10                0                     100.0%         0.00           0.00199866294860.002996873855
5         21         24               31           31           31.0           19             19              19.0               0                 10                    0.0%           0.01           0.00199508666990.003500151634
5         91         285              285          285          285.0          89             89              89.0               10                0                     100.0%         0.00           0.00197386741630.002896475791
10        11         13               13           13           13.0           11             11              11.0               10                0                     100.0%         0.02           0.00499916076660.008195304870
10        101        105              108          108          108.0          98             98              98.0               0                 10                    0.0%           0.06           0.05399990081780.057037425041
10        21         22               24           24           24.0           21             21              21.0               0                 10                    0.0%           0.01           0.00997686386100.010792636871
10        91         104              113          113          113.0          90             90              90.0               0                 10                    0.0%           0.06           0.05102515220640.054807758331
5         11         10               12           12           12.0           11             11              11.0               0                 10                    0.0%           0.01           0.00199866294860.002600693702
5         101        94               102          102          102.0          90             90              90.0               0                 10                    0.0%           0.00           0.00199866294860.003252077102
5         21         18               24           24           24.0           21             21              21.0               0                 10                    0.0%           0.01           0.00099754333490.002706694602
5         91         104              104          104          104.0          91             91              91.0               10                0                     100.0%         0.00           0.00297522544860.003098726272
10        11         41               51           51           51.0           11             11              11.0               0                 10                    0.0%           0.01           0.00499773025510.006203031539
10        101        130              131          131          131.0          101            101             101.0              0                 10                    0.0%           0.06           0.05299401283260.054005122184
10        21         50               60           60           60.0           20             20              20.0               0                 10                    0.0%           0.01           0.00997519493100.010648345947
10        91         131              131          131          131.0          91             91              91.0               10                0                     100.0%         0.06           0.05299735069270.055497789382
5         11         29               41           41           41.0           11             11              11.0               0                 10                    0.0%           0.00           0.00199794769280.002699708938
5         101        130              130          130          130.0          100            100             100.0              10                0                     100.0%         0.00           0.00199985504150.003001499176
5         21         50               51           51           51.0           21             21              21.0               0                 10                    0.0%           0.00           0.00199699401850.002399611473
5         91         78               111          111          111.0          81             81              81.0               0                 10                    0.0%           0.00           0.00200009346000.003198933601
10        90         148              160          160          160.0          89             89              89.0               0                 10                    0.0%           0.06           0.05299806594840.054597878456
5         8          12               10           10           10.0           6              6               6.0                0                 10                    0.0%           0.00           0.00199198722830.002396655082
5         28         22               27           27           27.0           24             24              24.0               0                 10                    0.0%           0.00           0.00197601318350.002196359634
5         16         10               26           26           26.0           14             14              14.0               0                 10                    0.0%           0.00           0.00199627876280.002198219299
5         74         148              148          148          148.0          74             74              74.0               10                0                     100.0%         0.00           0.00199580192560.002598047256
10        10         11               11           11           11.0           10             10              10.0               10                0                     100.0%         0.01           0.00500035285940.007004189491
10        100        101              109          109          109.0          100            100             100.0              0                 10                    0.0%           0.06           0.05399322509760.055597805976
10        20         21               21           21           21.0           20             20              20.0               0                 10                    0.0%           0.01           0.00999927520750.010803341865
10        90         80               94           94           94.0           90             90              90.0               0                 10                    0.0%           0.06           0.05302619934080.055011177062
5         8          9                7            7            7.0            8              8               8.0                0                 10                    0.0%           0.00           0.00195717811580.002093243598
5         28         26               26           26           26.0           27             27              27.0               10                0                     100.0%         0.00           0.00199556350700.002101302146
5         16         18               18           18           18.0           16             16              16.0               10                0                     100.0%         0.00           0.00199294090270.002500009536
5         74         80               80           80           80.0           74             74              74.0               10                0                     100.0%         0.00           0.00199675559990.002897453308
10        28         48               58           58           58.0           28             28              28.0               0                 10                    0.0%           0.01           0.00899934768670.010398578643
10        88         92               110          110          110.0          83             83              83.0               0                 10                    0.0%           0.06           0.05300068855280.055808234214
5         10         12               12           12           12.0           10             10              10.0               0                 10                    0.0%           0.01           0.00199317932120.002702808380
5         27         46               46           46           46.0           26             26              26.0               10                0                     100.0%         0.01           0.00099968910210.002596879005
5         16         18               20           20           20.0           16             16              16.0               0                 10                    0.0%           0.00           0.00199246406550.002502417564
5         74         65               83           83           83.0           74             74              74.0               0                 10                    0.0%           0.00           0.00299072265620.003000974655
6         10         12               12           12           12.0           10             10              10.0               0                 10                    0.0%           0.00           0.00098252296440.002198624610
6         16         18               20           20           20.0           16             16              16.0               0                 10                    0.0%           0.00           0.00199937820430.002401614189
10        82         132              128          128          128.0          79             79              79.0               0                 10                    0.0%           0.07           0.05299806594840.055953192710
5         7          23               19           19           19.0           7              7               7.0                0                 10                    0.0%           0.00           0.00099873542780.002305197715
5         86         58               70           70           70.0           86             86              86.0               0                 10                    0.0%           0.00           0.00199961662290.003105640411
5         17         43               43           43           43.0           16             16              16.0               10                0                     100.0%         0.00           0.00199913978570.002505016326
5         76         103              80           80           80.0           76             76              76.0               0                 10                    0.0%           0.01           0.00199675559990.003197741508
10        8          11               11           11           11.0           8              8               8.0                10                0                     100.0%         0.01           0.00499796867370.006005144119
10        86         87               87           87           87.0           86             86              86.0               10                0                     100.0%         0.06           0.05197119712820.054903268814
10        18         25               25           25           25.0           18             18              18.0               0                 10                    0.0%           0.02           0.00899982452390.011501407623
10        82         89               89           89           89.0           81             81              81.0               10                0                     100.0%         0.06           0.05203294754020.054659748077
5         7          8                8            8            8.0            7              7               7.0                0                 10                    0.0%           0.00           0.00099968910210.001799082756
5         86         69               83           83           83.0           86             86              86.0               0                 10                    0.0%           0.01           0.00199890136710.003298687934
5         17         20               20           20           20.0           16             16              16.0               10                0                     100.0%         0.00           0.00199365615840.002198457717
5         76         50               71           71           71.0           76             76              76.0               0                 10                    0.0%           0.01           0.00199866294860.003299999237
10        10         13               13           13           13.0           10             10              10.0               10                0                     100.0%         0.01           0.00499868392940.006298160552
10        86         133              133          133          133.0          83             83              83.0               10                0                     100.0%         0.06           0.05298328399650.055010342597
10        19         27               27           27           27.0           19             19              19.0               10                0                     100.0%         0.01           0.00900053977960.010605168342
10        80         121              121          121          121.0          76             76              76.0               10                0                     100.0%         0.07           0.05200123786920.056299614906
5         9          9                10           10           10.0           9              9               9.0                0                 10                    0.0%           0.00           0.00199794769280.002101516723
5         63         89               89           89           89.0           59             59              59.0               10                0                     100.0%         0.00           0.00199818611140.002801704406
5         19         22               22           22           22.0           16             16              16.0               10                0                     100.0%         0.00           0.00199580192560.002200269699
5         53         87               87           87           87.0           51             51              51.0               10                0                     100.0%         0.00           0.00199866294860.002599000930
