Number of iterations: 1 
n-items | capacity | objetive value | max profit | min profit | average profit | max capacity | min capacity | average capacity | exact solutions | NON exact solutions | success rate |   max time   |   min time   |   average time
10        11         22               32           32           32.0           11             11              11.0               0                 1                     0.0%             0.0080         0.0080         0.0080        
10        91         348              360          360          360.0          83             83              83.0               0                 1                     0.0%             0.0740         0.0740         0.0740        
5         11         14               19           19           19.0           11             11              11.0               0                 1                     0.0%             0.0030         0.0030         0.0030        
5         101        64               64           64           64.0           100            100             100.0              1                 0                     100.0%           0.0130         0.0130         0.0130        
5         21         24               31           31           31.0           19             19              19.0               0                 1                     0.0%             0.0085         0.0085         0.0085        
5         91         285              285          285          285.0          89             89              89.0               1                 0                     100.0%           0.0070         0.0070         0.0070        
10        11         13               13           13           13.0           11             11              11.0               1                 0                     100.0%           0.0080         0.0080         0.0080        
10        101        105              108          108          108.0          98             98              98.0               0                 1                     0.0%             0.0540         0.0540         0.0540        
10        21         22               24           24           24.0           21             21              21.0               0                 1                     0.0%             0.0110         0.0110         0.0110        
10        91         104              113          113          113.0          90             90              90.0               0                 1                     0.0%             0.0580         0.0580         0.0580        
5         11         10               12           12           12.0           11             11              11.0               0                 1                     0.0%             0.0060         0.0060         0.0060        
5         101        94               102          102          102.0          90             90              90.0               0                 1                     0.0%             0.0050         0.0050         0.0050        
5         21         18               24           24           24.0           21             21              21.0               0                 1                     0.0%             0.0020         0.0020         0.0020        
5         91         104              104          104          104.0          91             91              91.0               1                 0                     100.0%           0.0030         0.0030         0.0030        
10        11         41               51           51           51.0           11             11              11.0               0                 1                     0.0%             0.0070         0.0070         0.0070        
10        101        130              131          131          131.0          101            101             101.0              0                 1                     0.0%             0.0710         0.0710         0.0710        
10        21         50               60           60           60.0           20             20              20.0               0                 1                     0.0%             0.0130         0.0130         0.0130        
10        91         131              131          131          131.0          91             91              91.0               1                 0                     100.0%           0.0900         0.0900         0.0900        
5         11         29               41           41           41.0           11             11              11.0               0                 1                     0.0%             0.0160         0.0160         0.0160        
5         101        130              130          130          130.0          100            100             100.0              1                 0                     100.0%           0.0030         0.0030         0.0030        
5         21         50               51           51           51.0           21             21              21.0               0                 1                     0.0%             0.0040         0.0040         0.0040        
5         91         78               111          111          111.0          81             81              81.0               0                 1                     0.0%             0.0030         0.0030         0.0030        
10        90         148              160          160          160.0          89             89              89.0               0                 1                     0.0%             0.0615         0.0615         0.0615        
5         8          12               10           10           10.0           6              6               6.0                0                 1                     0.0%             0.0030         0.0030         0.0030        
5         28         22               27           27           27.0           24             24              24.0               0                 1                     0.0%             0.0040         0.0040         0.0040        
5         16         10               26           26           26.0           14             14              14.0               0                 1                     0.0%             0.0030         0.0030         0.0030        
5         74         148              148          148          148.0          74             74              74.0               1                 0                     100.0%           0.0060         0.0060         0.0060        
10        10         11               11           11           11.0           10             10              10.0               1                 0                     100.0%           0.0060         0.0060         0.0060        
10        100        101              109          109          109.0          100            100             100.0              0                 1                     0.0%             0.0660         0.0660         0.0660        
10        20         21               21           21           21.0           20             20              20.0               0                 1                     0.0%             0.0110         0.0110         0.0110        
10        90         80               94           94           94.0           90             90              90.0               0                 1                     0.0%             0.0580         0.0580         0.0580        
5         8          9                7            7            7.0            8              8               8.0                0                 1                     0.0%             0.0030         0.0030         0.0030        
5         28         26               26           26           26.0           27             27              27.0               1                 0                     100.0%           0.0020         0.0020         0.0020        
5         16         18               18           18           18.0           16             16              16.0               1                 0                     100.0%           0.0030         0.0030         0.0030        
5         74         80               80           80           80.0           74             74              74.0               1                 0                     100.0%           0.0040         0.0040         0.0040        
10        28         48               58           58           58.0           28             28              28.0               0                 1                     0.0%             0.0210         0.0210         0.0210        
10        88         92               110          110          110.0          83             83              83.0               0                 1                     0.0%             0.0910         0.0910         0.0910        
5         10         12               12           12           12.0           10             10              10.0               0                 1                     0.0%             0.0020         0.0020         0.0020        
5         27         46               46           46           46.0           26             26              26.0               1                 0                     100.0%           0.0040         0.0040         0.0040        
5         16         18               20           20           20.0           16             16              16.0               0                 1                     0.0%             0.0020         0.0020         0.0020        
5         74         65               83           83           83.0           74             74              74.0               0                 1                     0.0%             0.0040         0.0040         0.0040        
6         10         12               12           12           12.0           10             10              10.0               0                 1                     0.0%             0.0030         0.0030         0.0030        
6         16         18               20           20           20.0           16             16              16.0               0                 1                     0.0%             0.0020         0.0020         0.0020        
10        82         132              128          128          128.0          79             79              79.0               0                 1                     0.0%             0.0600         0.0600         0.0600        
5         7          23               19           19           19.0           7              7               7.0                0                 1                     0.0%             0.0030         0.0030         0.0030        
5         86         58               70           70           70.0           86             86              86.0               0                 1                     0.0%             0.0040         0.0040         0.0040        
5         17         43               43           43           43.0           16             16              16.0               1                 0                     100.0%           0.0020         0.0020         0.0020        
5         76         103              80           80           80.0           76             76              76.0               0                 1                     0.0%             0.0030         0.0030         0.0030        
10        8          11               11           11           11.0           8              8               8.0                1                 0                     100.0%           0.0100         0.0100         0.0100        
10        86         87               87           87           87.0           86             86              86.0               1                 0                     100.0%           0.0570         0.0570         0.0570        
10        18         25               25           25           25.0           18             18              18.0               0                 1                     0.0%             0.0110         0.0110         0.0110        
10        82         89               89           89           89.0           81             81              81.0               1                 0                     100.0%           0.0540         0.0540         0.0540        
5         7          8                8            8            8.0            7              7               7.0                0                 1                     0.0%             0.0020         0.0020         0.0020        
5         86         69               83           83           83.0           86             86              86.0               0                 1                     0.0%             0.0030         0.0030         0.0030        
5         17         20               20           20           20.0           16             16              16.0               1                 0                     100.0%           0.0020         0.0020         0.0020        
5         76         50               71           71           71.0           76             76              76.0               0                 1                     0.0%             0.0050         0.0050         0.0050        
10        10         13               13           13           13.0           10             10              10.0               1                 0                     100.0%           0.0080         0.0080         0.0080        
10        86         133              133          133          133.0          83             83              83.0               1                 0                     100.0%           0.0605         0.0605         0.0605        
10        19         27               27           27           27.0           19             19              19.0               1                 0                     100.0%           0.0110         0.0110         0.0110        
10        80         121              121          121          121.0          76             76              76.0               1                 0                     100.0%           0.0545         0.0545         0.0545        
5         9          9                10           10           10.0           9              9               9.0                0                 1                     0.0%             0.0030         0.0030         0.0030        
5         63         89               89           89           89.0           59             59              59.0               1                 0                     100.0%           0.0020         0.0020         0.0020        
5         19         22               22           22           22.0           16             16              16.0               1                 0                     100.0%           0.0020         0.0020         0.0020        
5         53         87               87           87           87.0           51             51              51.0               1                 0                     100.0%           0.0030         0.0030         0.0030        
