Number of iterations: 10 
n-items | capacity | objetive value | max profit | min profit | average profit | max capacity | min capacity | average capacity | exact solutions | NON exact solutions | success rate |   max time   |   min time   |   average time
10        11         22               32           32           32.0           11             11              11.0               0                 10                    0.0%             0.0140         0.0060         0.0084        
10        91         348              360          360          360.0          83             83              83.0               0                 10                    0.0%             0.0660         0.0523         0.0576        
5         11         14               19           19           19.0           11             11              11.0               0                 10                    0.0%             0.0040         0.0010         0.0024        
5         101        64               64           64           64.0           100            100             100.0              10                0                     100.0%           0.0050         0.0020         0.0034        
5         21         24               31           31           31.0           19             19              19.0               0                 10                    0.0%             0.0120         0.0020         0.0034        
5         91         285              285          285          285.0          89             89              89.0               10                0                     100.0%           0.0090         0.0030         0.0041        
10        11         13               13           13           13.0           11             11              11.0               10                0                     100.0%           0.0150         0.0060         0.0085        
10        101        105              108          108          108.0          98             98              98.0               0                 10                    0.0%             0.0970         0.0530         0.0647        
10        21         22               24           24           24.0           21             21              21.0               0                 10                    0.0%             0.0210         0.0100         0.0125        
10        91         104              113          113          113.0          90             90              90.0               0                 10                    0.0%             0.0840         0.0530         0.0629        
5         11         10               12           12           12.0           11             11              11.0               0                 10                    0.0%             0.0110         0.0020         0.0037        
5         101        94               102          102          102.0          90             90              90.0               0                 10                    0.0%             0.0050         0.0030         0.0034        
5         21         18               24           24           24.0           21             21              21.0               0                 10                    0.0%             0.0040         0.0020         0.0023        
5         91         104              104          104          104.0          91             91              91.0               10                0                     100.0%           0.0030         0.0020         0.0029        
10        11         41               51           51           51.0           11             11              11.0               0                 10                    0.0%             0.0080         0.0050         0.0063        
10        101        130              131          131          131.0          101            101             101.0              0                 10                    0.0%             0.0710         0.0540         0.0588        
10        21         50               60           60           60.0           20             20              20.0               0                 10                    0.0%             0.0180         0.0100         0.0119        
10        91         131              131          131          131.0          91             91              91.0               10                0                     100.0%           0.0840         0.0530         0.0591        
5         11         29               41           41           41.0           11             11              11.0               0                 10                    0.0%             0.0050         0.0010         0.0023        
5         101        130              130          130          130.0          100            100             100.0              10                0                     100.0%           0.0040         0.0020         0.0028        
5         21         50               51           51           51.0           21             21              21.0               0                 10                    0.0%             0.0030         0.0020         0.0021        
5         91         78               111          111          111.0          81             81              81.0               0                 10                    0.0%             0.0030         0.0030         0.0030        
10        90         148              160          160          160.0          89             89              89.0               0                 10                    0.0%             0.0900         0.0530         0.0596        
5         8          12               10           10           10.0           6              6               6.0                0                 10                    0.0%             0.0030         0.0020         0.0023        
5         28         22               27           27           27.0           24             24              24.0               0                 10                    0.0%             0.0090         0.0010         0.0030        
5         16         10               26           26           26.0           14             14              14.0               0                 10                    0.0%             0.0040         0.0010         0.0021        
5         74         148              148          148          148.0          74             74              74.0               10                0                     100.0%           0.0070         0.0030         0.0041        
10        10         11               11           11           11.0           10             10              10.0               10                0                     100.0%           0.0100         0.0060         0.0074        
10        100        101              109          109          109.0          100            100             100.0              0                 10                    0.0%             0.0890         0.0560         0.0645        
10        20         21               21           21           21.0           20             20              20.0               0                 10                    0.0%             0.0180         0.0100         0.0121        
10        90         80               94           94           94.0           90             90              90.0               0                 10                    0.0%             0.1040         0.0540         0.0607        
5         8          9                7            7            7.0            8              8               8.0                0                 10                    0.0%             0.0070         0.0020         0.0036        
5         28         26               26           26           26.0           27             27              27.0               10                0                     100.0%           0.0070         0.0020         0.0035        
5         16         18               18           18           18.0           16             16              16.0               10                0                     100.0%           0.0030         0.0020         0.0021        
5         74         80               80           80           80.0           74             74              74.0               10                0                     100.0%           0.0060         0.0020         0.0031        
10        28         48               58           58           58.0           28             28              28.0               0                 10                    0.0%             0.0320         0.0100         0.0139        
10        88         92               110          110          110.0          83             83              83.0               0                 10                    0.0%             0.0670         0.0530         0.0563        
5         10         12               12           12           12.0           10             10              10.0               0                 10                    0.0%             0.0040         0.0010         0.0020        
5         27         46               46           46           46.0           26             26              26.0               10                0                     100.0%           0.0030         0.0020         0.0024        
5         16         18               20           20           20.0           16             16              16.0               0                 10                    0.0%             0.0050         0.0020         0.0027        
5         74         65               83           83           83.0           74             74              74.0               0                 10                    0.0%             0.0050         0.0020         0.0031        
6         10         12               12           12           12.0           10             10              10.0               0                 10                    0.0%             0.0030         0.0020         0.0023        
6         16         18               20           20           20.0           16             16              16.0               0                 10                    0.0%             0.0040         0.0020         0.0024        
10        82         132              128          128          128.0          79             79              79.0               0                 10                    0.0%             0.0603         0.0510         0.0538        
5         7          23               19           19           19.0           7              7               7.0                0                 10                    0.0%             0.0030         0.0020         0.0023        
5         86         58               70           70           70.0           86             86              86.0               0                 10                    0.0%             0.0050         0.0020         0.0032        
5         17         43               43           43           43.0           16             16              16.0               10                0                     100.0%           0.0031         0.0010         0.0020        
5         76         103              80           80           80.0           76             76              76.0               0                 10                    0.0%             0.0040         0.0030         0.0032        
10        8          11               11           11           11.0           8              8               8.0                10                0                     100.0%           0.0080         0.0050         0.0063        
10        86         87               87           87           87.0           86             86              86.0               10                0                     100.0%           0.2960         0.0530         0.0838        
10        18         25               25           25           25.0           18             18              18.0               0                 10                    0.0%             0.0590         0.0100         0.0173        
10        82         89               89           89           89.0           81             81              81.0               10                0                     100.0%           0.0600         0.0520         0.0550        
5         7          8                8            8            8.0            7              7               7.0                0                 10                    0.0%             0.0060         0.0020         0.0028        
5         86         69               83           83           83.0           86             86              86.0               0                 10                    0.0%             0.0040         0.0020         0.0028        
5         17         20               20           20           20.0           16             16              16.0               10                0                     100.0%           0.0050         0.0010         0.0024        
5         76         50               71           71           71.0           76             76              76.0               0                 10                    0.0%             0.0040         0.0030         0.0032        
10        10         13               13           13           13.0           10             10              10.0               10                0                     100.0%           0.0070         0.0050         0.0062        
10        86         133              133          133          133.0          83             83              83.0               10                0                     100.0%           0.0600         0.0530         0.0553        
10        19         27               27           27           27.0           19             19              19.0               10                0                     100.0%           0.0130         0.0100         0.0106        
10        80         121              121          121          121.0          76             76              76.0               10                0                     100.0%           0.0640         0.0510         0.0545        
5         9          9                10           10           10.0           9              9               9.0                0                 10                    0.0%             0.0030         0.0010         0.0020        
5         63         89               89           89           89.0           59             59              59.0               10                0                     100.0%           0.0040         0.0020         0.0031        
5         19         22               22           22           22.0           16             16              16.0               10                0                     100.0%           0.0030         0.0020         0.0021        
5         53         87               87           87           87.0           51             51              51.0               10                0                     100.0%           0.0030         0.0020         0.0024        
